475
16
2
4
1
6


0
1
0
1
-6
1
13044
0
0
0
0
375
0
0
26
4096
4096
32767
256
2048
512
0
0
0
32767
4096
5
-72
-55
-45
-3
0
-72
-55
-45
-3
0
50
400
0
0
-90
1
250
0
0
16384
512
512
25520
32685
23197
9216
5
-72
-55
-45
-2
0
-72
-55
-45
-2
0
50
1000


1
1
0
1
-6
1
13044
0
0
0
0
375
0
0
26
4096
4096
32767
256
2048
512
0
0
0
32767
4096
5
-72
-55
-45
-3
0
-72
-55
-45
-3
0
50
400
0
0
-90
1
250
0
0
16384
512
512
25520
32685
23197
9216
5
-72
-55
-45
-2
0
-72
-55
-45
-2
0
50
1000


2
1
0
1
-6
1
13044
0
0
0
0
375
0
0
26
4096
4096
32767
256
2048
512
0
0
0
32767
4096
5
-72
-55
-45
-3
0
-72
-55
-45
-3
0
50
400
0
0
-90
1
250
0
0
16384
512
512
25520
32685
23197
9216
5
-72
-55
-45
-2
0
-72
-55
-45
-2
0
50
1000


3
1
0
1
-6
1
13044
0
0
0
0
375
0
0
26
4096
4096
32767
256
2048
512
0
0
0
32767
4096
5
-72
-55
-45
-3
0
-72
-55
-45
-3
0
50
400
0
0
-90
1
250
0
0
16384
512
512
25520
32685
23197
9216
5
-72
-55
-45
-2
0
-72
-55
-45
-2
0
50
1000


4
1
0
1
-6
1
13044
0
0
0
0
375
0
0
26
4096
4096
32767
256
2048
512
0
0
0
32767
4096
5
-72
-55
-45
-3
0
-72
-55
-45
-3
0
50
400
0
0
-90
1
250
0
0
16384
512
512
25520
32685
23197
9216
5
-72
-55
-45
-2
0
-72
-55
-45
-2
0
50
1000


5
1
0
1
-6
1
13044
0
0
0
0
375
0
0
26
4096
4096
32767
256
2048
512
0
0
0
32767
4096
5
-72
-55
-45
-3
0
-72
-55
-45
-3
0
50
400
0
0
-90
1
250
0
0
16384
512
512
25520
32685
23197
9216
5
-72
-55
-45
-2
0
-72
-55
-45
-2
0
50
1000


0
0


0


0
10
800
120


0
64
2729
1488
-27
-92
-37
-28
149
-124
-1
73
-48
-3
19
-8
6
-19
30
-28
19
-14
13
-13
11
-9
8
-8
8
-8
7
-7
6
-6
5
-4
4
-3
3
-3
2
-2
2
-1
1
-1
1
-1
0
0
0
0
0
0
0
0
0
0
0
0
0
0
0
0
0
0
