475
16
2
1
1
6


0
1
0
1
11
1
6537
0
0
0
0
100
0
0
26
1024
20000
23198
256
2048
512
12055
32604
32441
28000
1024
5
-72
-55
-45
-3
0
-72
-55
-45
-3
-3
50
400
0
0
-90
1
250
0
7
16384
512
512
25520
32685
23197
9216
5
-80
-70
-50
-24
0
-96
-86
-50
-24
0
1000
50


1
1
0
1
11
1
8230
0
0
0
0
100
0
0
26
1024
20000
23198
256
2048
512
12055
32604
32441
28000
1024
5
-72
-55
-45
-3
0
-72
-55
-45
-3
-3
50
400
0
0
-90
1
250
0
0
16384
512
512
25520
32685
23197
9216
5
-80
-70
-50
-24
0
-96
-86
-50
-24
0
1000
50


2
1
0
1
11
1
8230
0
0
0
0
100
0
0
26
1024
20000
23198
256
2048
512
12055
32604
32441
28000
1024
5
-72
-55
-45
-3
0
-72
-55
-45
-3
-3
50
400
0
0
-90
1
250
0
0
16384
512
512
25520
32685
23197
9216
5
-80
-70
-50
-24
0
-96
-86
-50
-24
0
1000
50


3
1
0
1
11
1
8230
0
0
0
0
100
0
0
26
1024
20000
23198
256
2048
512
12055
32604
32441
28000
1024
5
-72
-55
-45
-3
0
-72
-55
-45
-3
-3
50
400
0
0
-90
1
250
0
0
16384
512
512
25520
32685
23197
9216
5
-80
-70
-50
-24
0
-96
-86
-50
-24
0
1000
50


4
1
0
1
11
1
8230
0
0
0
0
100
0
0
26
1024
20000
23198
256
2048
512
12055
32604
32441
28000
1024
5
-72
-55
-45
-3
0
-72
-55
-45
-3
-3
50
400
0
0
-90
1
250
0
0
16384
512
512
25520
32685
23197
9216
5
-80
-70
-50
-24
0
-96
-86
-50
-24
0
1000
50


5
1
0
1
11
1
8230
0
0
0
0
50
0
0
26
1024
20000
23198
256
2048
512
12055
32604
32441
28000
1024
5
-72
-55
-45
-3
0
-72
-55
-45
-3
-3
50
400
0
0
-90
1
250
0
0
16384
512
512
25520
32685
23197
9216
5
-80
-70
-50
-24
0
-96
-86
-50
-24
0
1000
50


0
0


1


0
10
800
120


0
64
4096
0
0
0
0
0
0
0
0
0
0
0
0
0
0
0
0
0
0
0
0
0
0
0
0
0
0
0
0
0
0
0
0
0
0
0
0
0
0
0
0
0
0
0
0
0
0
0
0
0
0
0
0
0
0
0
0
0
0
0
0
0
0
0
